Sender: LSF System <lsfadmin@r01n21>
Subject: Job 3762085: <final_project> in cluster <sustchpc> Done

Job <final_project> was submitted from host <login05> by user <mae-mawb> in cluster <sustchpc> at Wed May 25 12:28:19 2022.
Job was executed on host(s) <4*r01n21>, in queue <ser>, as user <mae-mawb> in cluster <sustchpc> at Wed May 25 12:28:19 2022.
                            <1*r01n07>
</work/mae-mawb> was used as the home directory.
</work/mae-mawb/hpc_finalproject> was used as the working directory.
Started at Wed May 25 12:28:19 2022.
Terminated at Wed May 25 12:28:21 2022.
Results reported at Wed May 25 12:28:21 2022.

Your job looked like:

------------------------------------------------------------
# LSBATCH: User input
#! /bin/bash
#BSUB -J final_project
#BSUB -q ser
#BSUB -e plog
#BSUB -o plog

./grid 0.1

------------------------------------------------------------

Successfully completed.

Resource usage summary:

    CPU time :                                   0.07 sec.
    Max Memory :                                 -
    Average Memory :                             -
    Total Requested Memory :                     -
    Delta Memory :                               -
    Max Swap :                                   -
    Max Processes :                              -
    Max Threads :                                -
    Run time :                                   1 sec.
    Turnaround time :                            2 sec.

The output (if any) follows:

nodes[11][11] is : 
0.000000	0.000000	0.000000	
1.000000	0.100000	0.000000	
2.000000	0.200000	0.000000	
3.000000	0.300000	0.000000	
4.000000	0.400000	0.000000	
5.000000	0.500000	0.000000	
6.000000	0.600000	0.000000	
7.000000	0.700000	0.000000	
8.000000	0.800000	0.000000	
9.000000	0.900000	0.000000	
10.000000	1.000000	0.000000	
11.000000	0.000000	0.100000	
12.000000	0.100000	0.100000	
13.000000	0.200000	0.100000	
14.000000	0.300000	0.100000	
15.000000	0.400000	0.100000	
16.000000	0.500000	0.100000	
17.000000	0.600000	0.100000	
18.000000	0.700000	0.100000	
19.000000	0.800000	0.100000	
20.000000	0.900000	0.100000	
21.000000	1.000000	0.100000	
22.000000	0.000000	0.200000	
23.000000	0.100000	0.200000	
24.000000	0.200000	0.200000	
25.000000	0.300000	0.200000	
26.000000	0.400000	0.200000	
27.000000	0.500000	0.200000	
28.000000	0.600000	0.200000	
29.000000	0.700000	0.200000	
30.000000	0.800000	0.200000	
31.000000	0.900000	0.200000	
32.000000	1.000000	0.200000	
33.000000	0.000000	0.300000	
34.000000	0.100000	0.300000	
35.000000	0.200000	0.300000	
36.000000	0.300000	0.300000	
37.000000	0.400000	0.300000	
38.000000	0.500000	0.300000	
39.000000	0.600000	0.300000	
40.000000	0.700000	0.300000	
41.000000	0.800000	0.300000	
42.000000	0.900000	0.300000	
43.000000	1.000000	0.300000	
44.000000	0.000000	0.400000	
45.000000	0.100000	0.400000	
46.000000	0.200000	0.400000	
47.000000	0.300000	0.400000	
48.000000	0.400000	0.400000	
49.000000	0.500000	0.400000	
50.000000	0.600000	0.400000	
51.000000	0.700000	0.400000	
52.000000	0.800000	0.400000	
53.000000	0.900000	0.400000	
54.000000	1.000000	0.400000	
55.000000	0.000000	0.500000	
56.000000	0.100000	0.500000	
57.000000	0.200000	0.500000	
58.000000	0.300000	0.500000	
59.000000	0.400000	0.500000	
60.000000	0.500000	0.500000	
61.000000	0.600000	0.500000	
62.000000	0.700000	0.500000	
63.000000	0.800000	0.500000	
64.000000	0.900000	0.500000	
65.000000	1.000000	0.500000	
66.000000	0.000000	0.600000	
67.000000	0.100000	0.600000	
68.000000	0.200000	0.600000	
69.000000	0.300000	0.600000	
70.000000	0.400000	0.600000	
71.000000	0.500000	0.600000	
72.000000	0.600000	0.600000	
73.000000	0.700000	0.600000	
74.000000	0.800000	0.600000	
75.000000	0.900000	0.600000	
76.000000	1.000000	0.600000	
77.000000	0.000000	0.700000	
78.000000	0.100000	0.700000	
79.000000	0.200000	0.700000	
80.000000	0.300000	0.700000	
81.000000	0.400000	0.700000	
82.000000	0.500000	0.700000	
83.000000	0.600000	0.700000	
84.000000	0.700000	0.700000	
85.000000	0.800000	0.700000	
86.000000	0.900000	0.700000	
87.000000	1.000000	0.700000	
88.000000	0.000000	0.800000	
89.000000	0.100000	0.800000	
90.000000	0.200000	0.800000	
91.000000	0.300000	0.800000	
92.000000	0.400000	0.800000	
93.000000	0.500000	0.800000	
94.000000	0.600000	0.800000	
95.000000	0.700000	0.800000	
96.000000	0.800000	0.800000	
97.000000	0.900000	0.800000	
98.000000	1.000000	0.800000	
99.000000	0.000000	0.900000	
100.000000	0.100000	0.900000	
101.000000	0.200000	0.900000	
102.000000	0.300000	0.900000	
103.000000	0.400000	0.900000	
104.000000	0.500000	0.900000	
105.000000	0.600000	0.900000	
106.000000	0.700000	0.900000	
107.000000	0.800000	0.900000	
108.000000	0.900000	0.900000	
109.000000	1.000000	0.900000	
110.000000	0.000000	1.000000	
111.000000	0.100000	1.000000	
112.000000	0.200000	1.000000	
113.000000	0.300000	1.000000	
114.000000	0.400000	1.000000	
115.000000	0.500000	1.000000	
116.000000	0.600000	1.000000	
117.000000	0.700000	1.000000	
118.000000	0.800000	1.000000	
119.000000	0.900000	1.000000	
120.000000	1.000000	1.000000	
elements[10][10] is : 
0	0	1	11	12	
1	1	2	12	13	
2	2	3	13	14	
3	3	4	14	15	
4	4	5	15	16	
5	5	6	16	17	
6	6	7	17	18	
7	7	8	18	19	
8	8	9	19	20	
9	9	10	20	21	
10	10	11	21	22	
11	12	13	23	24	
12	13	14	24	25	
13	14	15	25	26	
14	15	16	26	27	
15	16	17	27	28	
16	17	18	28	29	
17	18	19	29	30	
18	19	20	30	31	
19	20	21	31	32	
20	21	22	32	33	
21	22	23	33	34	
22	24	25	35	36	
23	25	26	36	37	
24	26	27	37	38	
25	27	28	38	39	
26	28	29	39	40	
27	29	30	40	41	
28	30	31	41	42	
29	31	32	42	43	
30	32	33	43	44	
31	33	34	44	45	
32	34	35	45	46	
33	36	37	47	48	
34	37	38	48	49	
35	38	39	49	50	
36	39	40	50	51	
37	40	41	51	52	
38	41	42	52	53	
39	42	43	53	54	
40	43	44	54	55	
41	44	45	55	56	
42	45	46	56	57	
43	46	47	57	58	
44	48	49	59	60	
45	49	50	60	61	
46	50	51	61	62	
47	51	52	62	63	
48	52	53	63	64	
49	53	54	64	65	
50	54	55	65	66	
51	55	56	66	67	
52	56	57	67	68	
53	57	58	68	69	
54	58	59	69	70	
55	60	61	71	72	
56	61	62	72	73	
57	62	63	73	74	
58	63	64	74	75	
59	64	65	75	76	
60	65	66	76	77	
61	66	67	77	78	
62	67	68	78	79	
63	68	69	79	80	
64	69	70	80	81	
65	70	71	81	82	
66	72	73	83	84	
67	73	74	84	85	
68	74	75	85	86	
69	75	76	86	87	
70	76	77	87	88	
71	77	78	88	89	
72	78	79	89	90	
73	79	80	90	91	
74	80	81	91	92	
75	81	82	92	93	
76	82	83	93	94	
77	84	85	95	96	
78	85	86	96	97	
79	86	87	97	98	
80	87	88	98	99	
81	88	89	99	100	
82	89	90	100	101	
83	90	91	101	102	
84	91	92	102	103	
85	92	93	103	104	
86	93	94	104	105	
87	94	95	105	106	
88	96	97	107	108	
89	97	98	108	109	
90	98	99	109	110	
91	99	100	110	111	
92	100	101	111	112	
93	101	102	112	113	
94	102	103	113	114	
95	103	104	114	115	
96	104	105	115	116	
97	105	106	116	117	
98	106	107	117	118	
99	108	109	119	120	
